26
13 192 384 6 544 384
13 192 416 6 544 416
13 192 448 6 544 448
13 576 384 5 224 384
13 576 416 5 224 416
13 576 448 5 224 448
13 352 256 9 416 448
13 448 352 7 384 288
13 480 352 7 416 288
6 224 416 19 416 320
6 320 384 18 448 448
9 544 352 10 160 544
9 544 384 10 160 576
9 544 416 10 160 608
10 544 544 21 384 544
21 288 288 22 320 512
5 352 384 12 576 704
5 512 416 11 256 448
7 256 224 20 384 544
7 480 224 14 384 544
7 480 512 8 384 448
7 512 512 8 416 448
8 352 352 16 512 416
8 416 224 15 384 544
16 288 512 17 288 352
7 256 544 17 384 544
