11 6
20
1 add_more
513 room-01-udw
1625 room-01-ud
1 add_more
513 room-01-udw
1 add_more
513 room-01-udx
1 add_more
513 room-01-udz
1 add_more
1 add_more
513 room-01-udy
1 add_more
513 room-01-udy
1 add_more
513 room-01-udy
1 add_more
513 room-01-udy
1 add_more
513 room-01-udy
3
12 12 12 12 12 12 12 12 12 12 12
12 12 12 12 12 12 12 12 12 12 12
513 514 515 516 513 514 515 516 513 514 515
513 514 515 516 513 514 515 516 513 514 515
513 514 515 516 513 514 515 516 513 514 515
28 28 28 28 28 28 515 28 28 28 28

521 521 521 521 521 521 521 521 521 521 521
529 529 529 529 529 529 529 529 529 529 529
0 0 0 0 0 0 0 0 0 0 0
0 0 0 0 0 0 0 0 0 0 0
0 0 0 0 0 0 0 0 0 0 0
0 0 0 0 0 0 0 0 0 0 0

0 0 9 0 0 0 0 0 0 0 0
0 0 25 0 0 0 0 0 0 0 0
0 0 0 0 0 0 0 0 0 0 0
0 0 0 0 0 0 0 0 0 0 0
0 0 0 0 0 0 0 0 0 0 0
0 0 0 0 0 0 0 0 0 0 0

