9 11
3
1 add_more
513 room-01-udw
1625 room-01-ud
3
12 12 12 12 12 12 12 12 12
12 12 12 12 12 12 12 12 12
513 514 515 516 513 514 515 516 513
513 514 515 516 513 514 515 516 513
513 514 515 516 513 514 515 516 513
513 514 515 516 513 514 515 516 513
513 514 515 516 513 514 515 516 513
513 514 515 516 513 514 515 28 28
513 514 515 516 513 514 515 28 28
513 514 515 516 513 514 515 28 28
28 28 28 28 513 28 28 28 28

521 521 521 521 521 521 521 521 521
529 529 529 529 529 529 529 529 529
0 0 0 0 0 0 0 0 0
0 0 0 0 0 0 0 0 0
0 0 0 0 0 0 0 0 0
0 0 0 0 0 0 0 0 0
0 0 0 0 0 0 0 0 0
0 0 0 0 0 0 0 0 0
0 0 0 0 0 0 0 0 0
0 0 0 0 0 0 0 0 0
0 0 0 0 0 0 0 0 0

0 0 0 0 0 1957 1958 1959 1960
1970 1971 0 0 0 1965 1966 1967 1968
1978 1979 0 0 0 1973 1974 1975 1976
0 0 0 0 0 0 0 0 0
0 0 0 0 0 0 0 0 0
0 0 0 0 0 0 0 0 0
153 153 153 0 0 0 0 0 0
0 915 916 0 0 0 0 0 0
0 923 924 0 0 0 0 0 0
0 913 914 0 0 0 0 0 0
0 0 0 0 0 0 0 0 0

