house1_room9 22
7 9
2
1 add_more
513 room-01-udz
5
0 0 0 0 0 0 0
0 0 0 0 0 0 0
312 312 312 312 312 312 312
312 312 312 312 312 312 312
312 312 312 312 312 312 312
0 312 312 0 0 0 0
312 312 312 312 312 312 312
312 312 312 312 312 312 312
0 312 0 0 0 0 0

12 12 12 12 12 12 12
12 12 12 12 12 12 12
2 2 3 2 3 2 3
2 2 3 2 3 2 3
2 2 3 2 3 2 3
2 2 3 2 3 2 3
2 2 3 2 3 2 3
2 2 3 2 3 2 3
28 2 28 28 28 28 28

16 16 16 16 16 16 16
32 32 32 32 32 32 32
0 0 0 0 0 0 0
0 0 0 0 0 0 0
0 0 0 0 0 0 0
0 0 0 0 0 0 0
0 0 0 0 0 0 0
0 0 0 0 0 0 0
0 0 0 0 0 0 0

0 0 0 0 0 0 0
0 0 0 0 0 0 0
0 0 0 0 0 0 0
0 0 0 0 0 0 0
0 0 0 0 0 0 0
617 624 624 618 618 618 619
0 0 0 0 0 0 0
0 0 0 0 0 0 0
0 0 0 0 0 0 0

0 0 0 0 0 0 0
0 0 0 0 0 0 0
0 0 0 0 0 0 0
0 0 0 0 0 0 0
609 0 0 610 610 610 611
0 0 0 0 0 0 0
0 0 0 0 0 0 0
0 0 0 0 0 0 0
0 0 0 0 0 0 0

