house2_basement6
7 22
2
1 add_more
513 room-01-udz
2
28 28 523 519 519 28 28
28 519 531 519 519 28 28
28 519 513 514 513 28 28
28 514 513 514 513 28 28
28 28 513 514 513 28 28
28 28 513 514 513 28 28
28 519 513 514 513 524 28
519 519 513 514 513 519 28
519 514 513 514 513 514 28
513 514 513 514 513 514 28
28 28 28 514 513 514 28
28 28 28 514 513 514 28
28 28 28 514 513 514 519
28 28 28 514 513 514 519
28 28 28 514 513 514 513
28 28 28 28 28 514 513
28 28 28 28 28 514 513
28 28 28 28 28 514 513
28 28 28 28 28 514 513
28 28 28 28 28 514 513
28 28 28 28 28 514 513
28 28 28 28 28 514 28

0 0 521 521 521 0 0
0 521 529 529 529 0 0
0 529 0 0 0 0 0
0 0 0 0 0 0 0
0 0 0 0 0 0 0
0 0 0 0 0 0 0
0 521 0 0 0 521 0
521 529 0 0 0 529 0
529 0 0 0 0 0 0
0 0 0 0 0 0 0
0 0 0 0 0 0 0
0 0 0 0 0 0 0
0 0 0 0 0 0 521
0 0 0 0 0 0 529
0 0 0 0 0 0 0
0 0 0 0 0 0 0
0 0 0 0 0 0 0
0 0 0 0 0 0 0
0 0 0 0 0 0 0
0 0 0 0 0 0 0
0 0 0 0 0 0 0
0 0 0 0 0 0 0

