house2_room1 37
6 11
1
1 add_more
4
0 0 0 0 0 0
0 0 0 0 0 0
0 312 0 0 0 312
0 312 0 0 0 0
0 312 312 312 312 312
0 312 312 312 312 312
0 312 312 312 312 312
0 312 312 312 312 312
0 312 0 312 312 312
0 312 312 312 312 312
312 312 312 312 312 312

28 153 28 28 28 153
28 153 28 28 28 153
28 119 153 153 153 119
28 119 153 153 153 28
28 119 120 119 120 119
28 119 120 119 120 122
28 119 120 119 120 119
28 119 120 119 120 119
153 119 120 119 120 119
153 119 120 119 120 121
120 119 120 119 120 119

0 135 0 0 0 135
0 151 0 0 0 151
0 0 135 135 135 0
0 0 151 151 151 0
0 0 0 0 0 0
0 0 0 0 0 0
0 0 0 0 0 0
0 0 0 0 0 0
135 0 0 0 0 0
151 0 0 0 0 0
0 0 0 0 0 0

0 0 0 0 0 0
0 0 0 0 0 168
0 0 0 0 0 184
0 0 0 0 0 0
0 0 0 0 0 0
0 0 0 0 0 0
0 0 0 0 0 0
0 0 167 0 0 0
0 0 183 0 0 0
0 0 199 0 0 0
0 0 0 0 0 0

