house2_hallway3 34
6 9
1
1 add_more
5
0 0 0 0 0 0
0 0 0 0 0 0
312 312 312 312 312 0
312 312 312 312 312 0
0 0 312 312 312 0
0 0 312 312 312 0
0 0 312 312 312 0
0 0 312 312 312 312
0 0 312 312 0 0

153 153 153 153 153 28
153 153 153 153 153 28
119 122 119 120 106 28
119 120 119 120 119 28
28 28 119 120 119 28
28 28 137 120 119 153
28 28 119 120 119 153
28 28 119 120 119 120
28 28 119 120 158 28

135 135 135 135 135 0
151 151 151 151 151 0
0 0 0 0 0 0
0 0 0 0 0 0
0 0 0 0 0 0
0 0 0 0 0 135
0 0 0 0 0 151
0 0 0 0 0 0
0 0 0 0 0 0

0 111 0 111 0 0
0 127 0 127 0 0
0 0 0 0 0 0
0 0 0 0 0 0
136 136 0 0 0 0
136 136 0 0 0 0
136 136 0 0 0 0
136 136 0 0 0 0
152 152 0 0 0 0

0 0 0 0 0 0
0 0 0 0 0 0
0 0 0 0 0 0
0 144 0 0 0 0
0 143 0 0 0 0
0 143 0 0 0 0
0 143 0 0 0 0
0 143 0 0 0 0
0 143 0 0 0 0

