house2_room4
7 9
1
1 add_more
4
153 153 153 153 153 153 153
153 153 153 153 153 153 153
119 120 119 120 119 137 119
119 120 119 120 106 120 119
119 120 80 175 176 120 119
137 120 96 191 192 120 119
119 120 112 128 208 120 119
119 120 119 120 119 120 119
119 120 119 120 122 120 119

135 135 135 135 135 135 135
0 0 0 0 0 0 0
0 0 0 0 0 0 0
0 0 0 0 0 0 0
0 0 0 0 0 0 0
0 0 0 0 0 0 0
0 0 0 0 0 0 0
0 0 0 0 0 0 0
0 0 0 0 0 0 0

0 0 0 9 0 0 0
0 0 0 25 160 0 0
0 0 0 0 0 0 0
0 0 0 0 0 0 0
0 0 0 0 0 0 0
222 0 0 0 0 0 0
238 0 0 0 0 0 0
238 0 0 0 0 0 0
238 0 0 0 0 0 0

0 0 0 0 0 0 0
0 0 0 0 0 0 0
0 0 0 0 0 0 0
0 0 0 0 0 0 0
0 0 0 0 0 0 0
0 0 0 0 0 0 0
224 0 0 0 0 0 0
224 0 0 0 0 0 0
0 0 0 0 0 0 0

