house1_hallway2 6
11 5
2
1 add_more
513 room-01-udy
4
0 0 0 0 0 0 0 0 0 0 0
0 0 0 0 0 0 0 0 0 0 0
0 312 312 312 312 312 312 312 312 312 312
312 312 312 312 312 312 312 312 312 312 312
0 312 312 312 312 312 312 312 312 312 312

28 12 12 12 12 12 12 12 12 12 12
12 12 12 12 12 12 12 12 12 12 12
12 513 514 515 516 513 514 515 516 513 514
516 513 514 515 516 513 514 515 516 513 514
28 513 514 515 516 513 514 515 516 513 514

0 521 521 521 521 521 521 521 521 521 521
521 529 529 529 529 529 529 529 529 529 529
529 0 0 0 0 0 0 0 0 0 0
0 0 0 0 0 0 0 0 0 0 0
0 0 0 0 0 0 0 0 0 0 0

0 0 0 10 0 0 0 0 0 0 0
0 0 0 26 0 0 0 0 0 0 0
0 0 0 0 0 0 0 0 0 0 0
0 0 0 0 0 0 0 0 0 0 0
0 0 0 0 0 0 0 0 0 0 0

