house1_hallway4 8
3 14
2
1 add_more
513 room-01-udy
4
0 0 0
0 0 0
0 312 312
0 312 312
0 312 312
0 312 312
312 312 312
0 312 312
0 312 312
0 0 0
0 0 0
0 0 0
0 0 0
0 0 0

28 12 12
28 12 12
28 513 514
28 513 514
12 513 514
12 513 514
516 513 514
28 513 514
28 513 514
28 28 28
28 28 28
28 28 28
28 28 28
28 28 28

0 521 521
0 529 529
0 0 0
0 0 0
521 0 0
529 0 0
0 0 0
0 0 0
0 0 0
0 0 0
0 0 0
0 0 0
0 0 0
0 0 0

0 0 9
0 0 25
0 0 0
0 0 0
0 0 0
0 0 0
0 0 0
0 0 0
0 0 0
0 569 569
0 569 569
0 569 569
0 569 569
0 577 577

