62
1 13 -32 192 6 352 64
1 6 352 96 13 -32 224
1 13 -32 256 6 352 128
1 6 -32 96 19 128 64
1 6 96 32 18 160 160
1 13 160 32 9 192 192
1 9 352 64 10 -32 384
1 9 352 96 10 -32 416
1 9 352 128 10 -32 448
1 10 384 352 21 128 352
1 21 32 32 22 32 288
1 5 -32 64 13 416 192
1 13 416 224 5 -32 96
1 5 -32 128 13 416 256
1 5 320 96 11 -32 288
1 5 128 32 12 448 704
1 13 256 128 7 160 160
1 7 192 160 13 288 128
1 20 128 352 7 32 32
1 14 128 352 7 256 32
1 17 160 384 7 32 352
1 7 256 288 8 32 288
1 7 288 288 8 64 288
1 15 128 384 8 64 32
1 8 -32 192 16 320 192
2 16 64 288 17 64 224
1 9 64 32 0 96 544
1 0 -32 160 1 256 128
1 0 448 160 2 -32 160
1 2 352 160 3 -32 256
1 2 160 32 4 32 352
1 4 32 32 36 192 352
1 36 -32 192 43 256 224
1 36 416 160 35 -32 64
1 36 96 96 33 32 192
1 36 128 96 33 64 192
1 36 192 -32 32 224 192
1 36 224 -32 32 256 192
1 36 256 -32 32 288 192
1 33 -32 96 39 288 128
1 33 128 288 34 0 128
1 33 160 288 34 32 128
1 33 288 96 38 -32 128
1 34 192 224 37 -32 320
1 32 32 160 40 96 32
1 32 384 160 41 96 32
1 35 64 32 42 64 352
1 35 288 32 42 288 352
1 42 320 160 23 320 160
1 42 352 160 23 352 160
2 35 160 64 23 160 192
1 23 160 32 24 320 224
1 24 32 192 25 128 32
1 24 32 32 26 128 320
1 26 0 96 31 192 512
1 24 480 128 27 -32 224
1 27 192 32 28 160 704
1 27 192 288 44 64 64
1 44 352 320 45 -32 320
1 44 352 352 45 -32 352
1 28 -32 288 29 256 128
1 28 0 96 30 320 160
